765
136
641
980
479
771
321
642
224
470
60
601
971
703
101
765
691
872
697
188
580
330
367
222
287
805
686
8
754
983
486
810
502
132
248
937
195
931
324
544
892
408
832
87
418
715
418
108
288
272
537
712
993
395
860
832
693
738
642
831
312
883
673
950
494
581
234
339
227
192
887
173
954
832
931
821
16
770
124
945
225
770
323
879
28
744
65
819
245
606
85
731
642
662
239
314
144
679
15
538
516
927
694
485
344
147
756
817
338
147
779
590
368
773
834
756
887
565
23
252
737
22
772
229
581
212
506
724
178
445
730
713
128
734
547
661
120
773
628
305
684
148
273
579
706
912
972
431
102
265
505
23
291
623
589
670
889
847
729
32
846
122
848
268
58
237
979
507
463
766
993
543
676
304
18
274
152
447
368
220
126
481
4
450
951
76
146
428
853
111
879
510
330
782
559
826
421
482
49
652
883
800
224
218
464
568
550
461
346
57
372
862
141
473
538
478
290
67
376
896
484
770
460
60
126
519
177
444
63
342
934
753
612
775
818
37
122
320
334
353
852
451
265
924
448
327
852
473
400
708
938
698
518
616
693
604
864
853
944
798
146
716
745
291
209
819
597
932
47
564
356
587
560
561
448
396
881
551
16
429
704
341
819
80
815
665
732
493
95
528
227
589
168
326
111
370
157
482
508
265
764
728
729
825
483
344
451
691
395
84
422
764
747
328
528
910
164
959
650
501
296
715
914
748
941
720
387
123
62
340
622
20
720
268
93
753
362
782
927
50
67
883
390
722
199
657
699
288
73
765
249
28
268
208
624
624
13
72
657
104
60
394
139
3
291
861
207
884
60
483
855
938
702
535
364
571
255
542
291
934
979
173
652
297
138
425
496
996
846
378
328
493
6
269
577
248
574
814
361
154
166
79
338
445
832
451
313
403
38
421
190
595
444
900
110
159
159
413
595
68
36
461
928
498
685
18
188
216
793
453
167
925
395
627
602
287
112
65
129
937
990
957
404
41
754
290
398
286
905
842
313
265
499
171
317
747
404
914
740
189
697
534
963
185
985
409
803
403
120
38
634
317
285
41
269
469
120
707
417
780
881
5
767
241
678
378
274
498
197
662
331
876
758
635
412
744
902
133
818
757
961
454
970
110
416
184
442
100
877
543
393
764
513
822
795
872
540
782
905
31
822
186
784
413
178
561
901
441
635
330
852
342
466
426
7
708
805
525
311
380
489
217
74
789
150
639
166
663
577
905
46
51
362
835
246
755
276
341
143
936
997
359
33
971
390
887
538
531
996
427
583
982
738
766
536
227
472
625
768
540
8
894
448
89
623
788
189
889
305
28
175
118
729
601
411
85
212
399
882
223
861
481
95
1
738
261
779
479
80
774
618
256
173
724
396
500
140
45
9
623
36
502
562
297
294
862
967
546
538
146
285
249
795
497
204
157
725
191
530
769
499
107
857
787
540
192
693
865
371
431
229
590
768
467
188
810
881
177
7
449
895
540
113
106
518
116
796
998
60
474
37
547
982
468
151
938
103
919
675
791
98
398
894
649
926
53
868
221
205
402
153
705
542
414
261
509
476
999
481
96
428
50
275
686
107
926
690
336
977
156
995
108
429
422
581
884
858
612
142
915
106
419
763
57
657
830
348
3
639
638
592
645
441
88
546
288
574
378
192
233
808
173
236
71
797
803
782
603
837
925
867
504
146
135
914
68
743
872
319
355
704
544
989
69
236
177
275
75
811
342
893
505
160
669
903
760
163
68
522
941
861
995
835
825
17
482
210
527
234
54
242
359
689
257
458
212
272
535
411
796
768
762
364
58
926
567
429
484
7
168
347
257
855
252
758
941
930
818
778
53
881
306
510
632
542
338
907
946
936
804
230
827
523
410
893
16
524
215
370
370
136
478
729
733
668
749
273
938
627
925
73
682
965
792
443
819
332
777
373
567
940
849
331
768
478
680
897
533
97
786
208
174
286
400
267
580
273
966
943
128
771
612
272
82
493
896
685
787
656
388
611
197
520
164
241
642
759
390
717
586
311
477
347
478
712
759
279
430
168
407
855
449
153
308
78
941
192
230
805
430
832
9
710
582
436
863
609
699
419
186
217
180
359
111
322
89
800
607
415
343
377
800
223
461
285
471
121
575
718
428
698
665
908
703
278
94
974
890
611
14
833
139
790
540
958
137
786
35
256
419
847
3
49
502
983
351
806
785
352
524
252
549
580
236
53
359
249
927
149
410
946
284
704
940
750
919
951
26
922
372
713
498
272
716
856
889
999
133
883
356
651
953
497
281
598
110
363
490
681
305
92
615
440
235
859
313
939
396
705
877
237
782
332
167
911
20
800
766
260
441
4
517
222
453
683
932
19
83
259
236
363
273
266
122
843
817
248
999
722
471
714
614
163
170
792
179
512
270
602
163
875
340
381
223
591
636
167
240
437
568
285
758
601
502
58
972
32
804
349
372
392
273
593
182
54
866
303
310
946
251
911
333
685
515
956
59
813
145
826
962
371
15
513
46
831
689
777
232
604
195
564
24
761
954
884
756
393
627
996
359
212
174
302
555
452
79
793
231
66
244
867
288
667
885
938
514
812
754
862
393
686
615
620
773
374
893
258
933
786
633
733
354
430
70
272
334
662
767
880
371
653
623
220
623
491
277
880
799
830
645
273
173
927
313
967
867
94
692
304
537
166
889
892
345
649
998
45
199
728
743
133
136
803
997
539
806
740
906
986
965
94
933
295
711
704
364
584
575
911
577
740
614
188
627
986
209
639
244
169
903
790
793
988
609
669
108
803
496
830
316
226
102
735
14
541
176
117
466
971
790
145
3
9
638
233
901
45
646
899
915
519
827
709
330
414
297
528
517
719
379
306
475
294
921
617
508
545
359
989
944
955
234
232
444
478
107
607
794
428
783
250
345
493
374
273
789
696
532
387
17
715
564
438
577
12
961
124
464
370
677
672
749
689
51
342
406
41
943
544
809
217
369
240
692
616
572
395
33
451
273
370
222
347
189
219
39
525
588
764
949
202
969
43
855
850
209
363
414
513
495
599
79
621
981
539
143
534
878
312
548
17
699
932
372
695
212
568
705
703
987
373
65
351
906
98
659
638
106
112
23
636
535
853
758
173
422
945
303
223
368
387
48
657
419
53
533
563
418
529
442
742
974
708
529
653
777
164
388
580
158
528
609
480
261
912
228
930
315
981
8
979
947
707
68
364
865
832
195
681
818
271
145
963
187
458
89
271
498
892
90
328
412
879
175
637
96
910
892
476
912
96
315
229
946
87
570
449
495
303
71
505
849
287
132
611
89
29
116
688
13
456
840
260
738
156
147
422
288
901
185
719
291
58
109
519
317
262
142
951
190
15
903
812
570
997
144
458
168
755
605
919
285
758
337
76
30
873
180
80
708
667
159
891
549
764
899
124
640
296
595
438
658
248
855
512
666
146
549
995
138
698
179
298
908
22
505
803
607
673
150
577
658
115
696
752
15
240
419
841
518
976
767
995
631
805
719
430
649
600
344
648
936
842
284
686
899
797
895
994
814
520
560
6
58
675
902
183
438
630
27
396
982
616
519
239
666
614
708
523
852
356
544
361
130
696
990
469
99
361
681
725
423
105
338
383
54
505
507
992
796
207
907
236
485
653
738
907
745
530
663
71
437
332
393
201
103
295
996
958
575
712
461
798
626
445
436
452
223
886
67
914
289
368
268
135
506
450
336
266
677
928
848
877
388
370
559
168
72
598
221
192
17
575
461
540
643
879
232
880
959
825
962
206
543
35
343
591
748
893
250
703
692
715
155
75
317
442
536
380
673
691
212
728
942
2
330
801
320
675
127
659
289
53
799
849
209
654
792
829
742
796
441
933
649
518
896
515
458
639
841
683
972
183
340
255
494
967
541
160
127
423
749
906
857
426
209
755
762
400
99
198
442
98
698
796
628
90
214
780
273
183
417
48
257
606
201
183
37
171
395
317
756
837
953
266
738
925
45
553
106
168
370
969
826
859
630
655
938
108
272
774
844
615
633
171
39
622
817
848
764
637
816
900
330
761
814
102
829
258
789
204
164
579
941
943
700
470
677
400
911
577
262
927
885
605
283
470
859
816
235
711
291
518
953
660
791
358
436
709
654
455
148
789
887
583
772
642
491
639
300
46
904
226
397
793
730
549
983
93
81
497
523
959
59
88
782
476
911
321
744
106
959
473
51
518
651
250
445
317
454
409
584
729
500
706
119
654
140
962
778
709
91
500
382
304
935
746
701
345
284
464
694
632
919
395
55
322
460
977
969
339
67
339
643
718
904
197
491
713
99
292
335
316
503
383
330
379
213
220
534
798
330
128
462
156
530
824
139
859
537
687
178
9
636
518
613
998
152
402
403
301
617
106
348
831
957
632
115
548
406
158
931
486
92
581
250
470
616
494
110
913
934
427
930
148
89
759
856
87
697
948
573
471
132
697
734
702
116
855
107
95
457
735
767
185
641
12
885
492
823
662
598
993
727
568
111
306
780
799
559
621
623
592
739
405
302
685
439
698
68
589
502
433
133
453
541
796
272
336
23
864
427
507
59
930
816
209
627
957
888
500
934
566
838
409
465
806
612
614
427
316
926
891
522
297
25
137
377
347
903
595
536
154
523
937
773
884
128
970
413
100
419
52
419
611
475
602
143
507
774
554
693
775
430
948
15
149
350
934
824
390
482
756
732
253
236
384
247
336
614
599
629
457
199
366
274
970
488
502
987
260
723
296
857
422
341
68
848
773
549
523
858
799
177
708
934
979
312
603
12
495
849
768
57
877
684
80
786
383
861
560
38
745
21
162
360
726
651
286
722
83
290
302
278
980
581
667
499
275
124
875
620
694
636
475
107
536
154
556
668
313
403
556
360
368
249
394
71
484
770
561
357
514
663
398
307
457
716
375
800
807
871
10
655
790
198
41
412
330
910
683
257
350
942
192
43
659
420
362
82
815
739
379
97
227
586
659
596
483
626
896
43
170
975
535
323
768
389
712
630
283
684
74
715
608
140
297
402
872
570
759
313
766
20
748
315
508
800
462
219
434
581
223
455
79
885
908
53
735
282
662
447
944
30
64
27
527
76
24
178
587
358
605
306
907
302
603
8
967
271
906
274
612
276
469
886
976
274
513
701
323
381
788
570
187
724
318
407
870
858
851
135
510
271
444
829
333
698
5
395
743
791
618
688
44
829
878
616
32
837
453
348
92
210
711
534
411
574
624
491
128
419
182
864
70
816
744
277
465
348
536
324
495
976
147
807
680
586
214
148
734
699
361
500
922
920
379
296
338
7
94
741
913
515
345
180
21
932
499
865
847
14
707
666
11
270
367
410
399
717
967
8
104
410
394
287
26
289
863
642
218
676
564
46
566
131
194
121
444
578
428
839
153
484
754
718
998
737
279
892
3
217
955
748
282
338
32
64
132
515
361
979
424
864
799
113
152
70
706
954
743
140
775
466
574
972
34
400
697
470
809
81
416
305
119
747
336
683
481
13
300
825
394
743
55
471
686
284
57
766
786
170
250
425
311
239
235
718
34
859
667
184
407
623
893
225
721
8
58
670
75
539
912
472
411
391
335
29
40
716
198
477
860
83
817
273
927
276
578
584
360
67
394
223
448
595
408
647
955
956
167
544
68
873
879
729
982
206
212
90
793
602
614
286
84
31
427
941
44
121
775
459
750
618
689
152
232
295
65
468
139
446
503
180
643
671
631
499
205
698
958
833
613
349
269
897
134
781
382
917
204
142
521
855
62
335
288
963
983
848
290
5
109
755
834
273
506
214
927
108
902
202
776
865
485
395
850
246
415
324
914
111
277
731
837
114
681
664
653
672
254
604
433
604
631
185
255
149
488
5
450
705
222
275
186
613
923
603
176
89
55
672
376
456
457
508
470
195
317
676
970
721
318
137
573
235
201
64
580
154
945
378
9
668
633
501
38
930
164
60
781
405
905
869
849
513
663
715
287
89
4
868
150
577
976
844
711
890
429
742
952
260
161
286
535
598
734
489
704
698
770
476
134
406
948
976
339
868
538
221
686
210
900
561
29
531
953
953
974
793
259
202
840
267
140
911
287
119
649
673
884
619
231
790
821
322
883
287
973
134
54
517
388
196
893
901
967
501
700
913
15
786
956
242
836
597
613
859
48
684
821
912
404
23
757
163
157
410
939
513
209
941
301
124
835
308
591
460
853
227
791
397
807
540
312
91
656
698
438
960
926
767
627
490
408
63
887
382
182
153
672
198
224
554
899
783
202
239
328
633
95
277
127
904
56
349
841
1
942
643
597
670
155
472
560
713
173
718
285
658
60
457
759
105
126
855
794
64
781
99
963
842
31
240
533
959
185
931
385
850
465
529
595
869
291
722
644
519
695
594
736
830
880
256
402
222
142
757
53
559
795
426
482
733
722
935
358
113
749
435
109
541
114
680
863
64
218
270
426
265
101
319
155
359
855
305
530
967
427
794
71
286
189
187
395
578
753
603
879
738
223
427
904
202
707
44
959
984
944
490
378
533
36
148
778
131
527
788
596
181
263
326
165
887
32
967
335
74
37
511
495
35
9
103
387
983
387
591
364
786
204
585
297
135
476
158
768
259
759
112
580
925
54
539
781
35
121
183
262
540
608
349
732
227
233
883
698
863
221
322
484
850
252
779
104
901
120
254
814
79
141
110
184
693
129
244
887
817
374
70
861
124
429
236
440
165
748
811
901
846
202
60
850
183
473
725
846
694
788
166
128
753
584
636
436
797
344
275
178
755
241
692
741
995
385
312
593
523
931
957
391
358
845
649
920
613
576
98
697
396
434
47
846
469
131
176
690
779
679
93
672
991
289
341
438
953
887
543
94
200
683
817
280
451
996
167
75
198
193
398
953
115
328
78
434
638
345
36
424
804
238
783
713
295
414
126
209
816
872
123
564
920
830
109
610
5
222
907
820
816
682
354
38
584
869
659
476
697
515
546
442
661
850
656
570
657
637
787
841
233
801
666
757
434
926
579
747
918
212
796
787
376
326
513
894
965
182
25
688
509
55
267
272
764
73
447
638
98
304
889
842
872
260
416
747
914
846
995
981
922
385
580
934
607
533
253
998
239
914
26
706
958
705
179
366
556
783
916
834
658
685
819
448
633
360
38
934
961
192
553
730
568
884
830
941
65
437
176
745
616
240
140
93
360
928
488
503
501
989
50
804
408
975
791
417
435
735
423
443
401
291
74
134
34
778
548
415
530
894
306
858
730
858
75
337
848
116
828
188
687
817
456
515
240
96
842
235
25
950
90
124
680
395
999
657
921
856
154
88
9
289
96
983
438
192
957
450
188
579
458
448
33
125
773
262
472
92
438
711
174
690
377
154
275
80
402
491
458
438
296
14
930
130
220
293
226
590
343
569
962
760
57
636
875
491
59
64
49
534
67
179
78
365
55
829
484
248
175
952
98
165
448
377
152
447
379
485
602
126
809
360
386
223
533
830
579
620
401
664
336
517
239
499
558
511
112
779
232
326
238
82
316
204
307
282
953
801
900
380
699
798
362
607
96
855
619
436
937
143
507
532
527
462
896
256
462
391
366
353
668
66
736
844
617
48
195
361
442
874
935
726
876
730
230
624
952
872
73
179
563
614
315
262
444
915
602
759
60
988
859
823
966
345
240
332
527
715
662
771
146
76
658
795
319
772
265
50
443
812
275
514
497
113
584
971
924
348
543
843
448
617
57
593
128
163
742
759
600
148
679
792
22
936
671
783
433
696
947
445
80
740
634
619
403
444
100
706
41
352
534
267
348
112
851
187
574
249
66
67
412
811
645
33
650
715
400
14
256
401
383
100
800
846
980
596
173
139
272
435
884
851
213
916
107
833
959
455
158
53
851
322
766
100
983
622
238
595
495
934
643
311
100
824
166
244
973
277
719
851
137
51
173
290
243
800
694
869
723
372
352
153
571
714
891
131
939
618
15
884
832
515
679
974
651
158
962
971
295
411
984
361
953
572
51
837
513
453
707
828
907
38
455
850
121
760
838
346
189
602
835
416
314
254
874
864
18
163
4
994
251
279
732
573
209
145
86
992
338
333
767
449
106
479
593
970
817
101
86
513
427
880
582
149
665
374
761
381
602
626
125
2
775
683
154
118
811
236
471
173
254
628
521
991
533
444
314
268
208
302
734
324
179
483
160
163
237
221
699
646
832
262
189
607
24
352
64
150
698
41
24
125
424
445
39
641
632
9
793
18
60
453
914
996
591
769
700
869
405
667
272
109
366
707
883
551
579
141
701
948
229
676
189
119
440
619
817
711
70
374
629
421
370
771
177
673
636
218
157
201
970
709
287
344
280
324
518
297
49
624
132
320
189
390
433
350
912
111
978
236
736
865
48
405
557
997
898
21
114
437
711
613
959
471
979
649
79
201
632
234
265
708
246
392
389
747
250
940
681
204
68
976
948
931
498
623
67
996
83
832
645
357
171
691
623
197
208
847
92
351
187
875
484
21
358
821
64
643
159
334
608
308
257
421
250
548
653
250
967
960
557
425
479
834
963
742
637
462
456
688
871
910
568
263
390
115
608
389
674
298
300
102
784
757
142
977
404
17
814
589
355
803
176
641
887
852
947
1
103
561
633
845
799
942
589
560
888
867
962
995
905
55
845
339
921
412
144
384
605
960
704
466
748
368
213
448
768
115
601
623
545
717
73
917
78
436
286
854
912
85
210
75
68
782
585
267
758
256
709
303
869
930
873
432
92
419
374
338
645
455
32
92
117
477
133
229
936
502
720
162
20
892
965
780
297
74
339
30
458
800
310
517
436
802
895
764
956
447
784
129
266
29
569
817
992
114
997
625
829
180
180
221
790
346
69
192
351
850
949
299
210
678
642
740
575
376
570
666
136
469
598
363
403
117
969
131
773
623
876
83
835
630
776
895
34
221
188
715
19
353
86
70
826
49
226
208
176
776
322
662
850
25
792
906
653
127
414
889
86
727
203
900
660
543
646
776
181
823
408
478
309
552
638
64
147
199
609
681
156
454
2
606
345
980
370
553
442
390
506
478
180
673
435
901
831
329
952
377
690
780
648
738
57
942
528
125
235
935
362
246
457
583
281
473
289
727
756
21
614
762
79
804
133
434
58
832
104
727
281
336
442
47
447
73
523
143
298
824
977
994
481
512
444
66
61
565
577
580
7
350
445
425
187
301
845
307
179
769
654
600
443
218
346
698
169
189
193
496
314
657
889
235
188
18
111
126
66
510
728
381
998
709
31
686
711
525
43
113
532
310
91
335
78
912
732
938
604
914
176
471
372
645
910
42
728
224
73
313
45
58
689
296
633
191
296
574
557
761
76
398
478
577
639
644
445
634
559
898
769
806
9
463
288
731
601
125
573
716
571
104
972
687
827
214
637
612
987
649
655
217
322
836
797
821
554
366
833
921
408
429
702
743
452
990
108
589
551
318
620
6
474
898
848
399
540
152
765
516
876
790
361
26
580
624
702
15
117
663
753
439
488
709
469
130
89
296
96
612
575
981
391
128
272
21
297
120
45
250
794
369
764
604
456
443
679
684
24
57
629
623
742
176
629
842
161
497
731
950
149
721
909
999
230
245
681
322
566
701
987
975
526
164
271
22
945
255
466
463
223
970
821
659
162
47
290
657
91
99
615
247
383
962
820
182
709
643
45
777
333
320
237
917
388
817
646
701
260
368
21
332
182
505
447
109
599
690
552
306
199
315
399
205
141
906
394
263
25
932
327
886
95
879
288
593
435
572
961
222
255
616
442
790
409
334
85
634
267
870
922
69
851
52
570
767
193
647
345
901
798
450
322
274
377
804
861
843
541
797
515
94
212
955
855
857
641
855
540
223
201
877
734
347
38
737
438
203
131
606
210
84
276
657
843
292
529
847
501
33
12
982
430
544
435
471
614
282
633
793
241
987
664
525
144
869
174
927
137
507
972
330
554
518
329
538
936
14
724
85
776
852
173
148
854
730
256
970
692
335
372
596
841
567
542
753
134
91
499
102
429
198
162
487
966
640
55
406
66
42
963
319
283
119
977
233
161
536
631
985
891
814
264
438
22
524
149
225
112
988
677
266
99
520
766
275
859
408
373
896
123
898
471
276
439
573
604
507
346
567
140
575
637
442
744
417
884
344
618
930
110
865
401
748
357
841
81
813
671
907
830
371
824
435
495
408
93
679
54
762
435
353
188
922
182
865
72
957
759
442
315
983
784
749
583
804
638
656
821
746
866
947
998
514
712
428
310
492
310
431
754
715
474
751
806
535
800
456
529
807
402
754
25
225
619
795
365
215
803
983
932
646
733
863
474
938
953
977
17
829
987
541
558
209
537
344
651
47
393
111
826
41
590
145
759
815
319
880
511
84
737
967
181
808
384
313
277
180
938
506
139
647
244
452
942
811
320
437
3
813
486
53
98
456
126
401
157
248
618
409
12
842
751
277
960
53
557
882
854
100
484
366
825
298
625
928
812
813
148
861
566
321
631
428
300
976
642
234
277
535
473
309
880
843
380
106
491
324
619
881
78
883
33
832
651
256
899
664
892
34
168
374
473
376
805
309
419
51
591
484
608
16
467
632
360
968
783
174
613
895
155
743
643
243
51
904
617
925
64
271
936
613
352
58
678
910
407
492
661
254
850
311
462
355
406
559
113
421
549
324
597
959
579
229
672
13
30
110
545
832
536
492
921
821
699
916
563
185
64
301
63
83
926
605
576
941
122
192
431
332
684
724
335
638
131
622
710
557
685
95
884
827
961
793
651
649
632
482
533
780
226
780
481
961
948
976
912
91
873
159
628
156
625
71
145
577
273
333
730
958
760
238
712
289
409
765
951
215
598
813
419
205
370
904
600
839
469
965
655
240
342
813
646
872
434
181
769
946
893
894
527
231
22
438
126
118
574
323
875
559
670
89
875
692
597
370
930
589
268
833
620
155
235
235
847
987
194
199
778
241
508
768
522
109
660
721
51
141
378
907
103
651
746
418
584
400
633
997
403
610
949
967
842
124
684
225
423
330
617
595
164
283
253
138
162
653
891
237
635
510
363
685
132
982
550
429
52
212
628
736
778
227
342
682
782
962
247
912
389
55
438
361
344
217
892
713
917
52
559
459
254
703
500
946
494
571
428
679
406
535
558
258
639
286
501
813
131
609
307
551
385
42
16
417
163
312
815
729
287
614
329
589
507
320
383
708
540
559
952
652
5
102
26
558
995
761
504
925
395
928
869
320
475
896
338
607
487
965
34
743
988
179
692
353
219
288
432
710
247
13
723
552
28
772
855
359
480
152
256
104
516
508
367
921
151
348
613
500
211
298
987
644
571
703
964
201
838
659
493
617
818
725
763
312
882
128
100
708
352
83
486
363
852
864
258
983
725
52
79
990
53
754
140
637
604
276
90
507
240
810
634
23
83
216
718
187
996
877
33
579
896
101
348
840
594
636
223
659
740
587
792
295
954
106
978
259
885
108
833
171
522
443
550
840
889
923
63
359
828
653
356
667
819
680
222
199
151
986
370
628
559
260
641
361
685
845
219
368
35
335
986
419
812
384
762
312
719
618
693
733
457
813
995
395
456
220
309
825
759
406
33
94
575
300
735
654
438
198
996
151
899
18
568
602
656
386
414
802
273
591
535
544
988
642
104
309
967
843
842
632
683
909
966
583
399
260
11
571
32
704
676
914
950
143
17
194
431
324
475
403
479
659
733
945
155
546
254
282
533
798
873
259
409
833
153
350
474
823
826
29
508
239
648
895
484
622
200
195
136
401
940
730
89
567
263
620
309
658
49
311
166
60
482
866
447
45
402
372
464
591
967
671
136
394
923
653
822
891
9
132
793
343
430
725
81
379
719
974
34
38
515
518
895
526
772
344
936
532
544
954
59
697
246
269
609
692
742
72
111
111
562
252
254
602
988
252
58
91
327
339
934
666
302
350
984
420
473
502
637
208
436
524
574
793
896
515
245
379
566
960
121
566
200
533
592
157
85
102
246
17
335
971
840
253
486
978
514
291
738
680
937
514
761
35
149
260
578
29
186
223
86
254
48
671
289
474
907
505
614
592
100
2
14
651
10
830
369
103
594
613
548
341
249
413
226
564
949
803
778
752
402
922
413
212
315
959
420
501
124
477
98
162
95
11
462
87
520
156
76
542
360
184
307
471
408
196
163
916
365
852
607
157
485
295
687
219
367
892
212
963
192
223
279
179
934
538
804
109
680
513
957
245
566
726
42
984
877
474
529
220
411
162
398
835
254
489
472
585
76
58
304
337
484
620
327
332
746
599
186
74
818
511
591
283
801
291
607
118
343
589
507
726
328
11
113
907
351
373
954
145
538
365
564
821
201
469
237
438
483
539
380
863
91
879
177
852
870
251
284
35
318
805
504
816
779
606
937
416
645
144
949
656
674
252
83
942
168
498
29
636
322
823
785
283
680
481
940
278
810
904
775
22
538
311
353
791
657
878
681
331
29
320
95
7
31
877
777
949
832
359
147
795
266
244
626
466
189
695
533
5
477
275
10
892
766
220
109
881
874
678
579
345
221
549
854
403
979
730
790
218
270
427
262
304
742
520
347
268
850
831
631
5
556
511
142
384
987
372
855
438
572
190
492
878
964
400
516
981
516
219
886
249
180
405
68
678
603
293
424
669
118
722
535
975
156
687
550
360
616
533
301
741
116
915
106
674
827
570
194
400
262
282
858
866
286
520
85
360
327
529
752
776
275
525
571
938
410
201
840
807
489
989
375
793
95
287
930
402
803
278
626
46
664
977
523
821
339
922
656
115
815
323
856
423
25
924
491
43
877
177
240
39
865
957
237
322
125
257
700
455
710
70
177
825
992
295
722
588
511
890
753
32
796
291
883
363
698
727
269
558
942
863
4
293
234
376
69
382
445
307
977
354
990
617
433
575
545
944
920
569
205
625
171
929
23
575
607
679
852
467
108
83
612
434
810
530
508
508
676
950
921
43
147
140
313
714
809
454
642
961
12
86
842
653
328
346
471
843
24
179
267
2
432
338
922
787
165
840
821
945
293
332
843
991
418
784
970
881
544
348
630
906
312
792
73
227
868
349
945
886
757
791
148
514
294
771
930
746
595
436
139
999
776
954
326
410
626
180
682
366
901
865
880
267
561
861
172
922
664
728
272
25
56
375
326
512
767
755
921
261
57
54
246
911
8
770
509
477
33
746
191
736
169
540
988
454
129
993
639
642
9
800
703
897
991
909
456
429
156
186
4
603
926
157
553
645
495
59
558
499
322
27
263
89
859
33
177
203
603
15
198
812
421
806
518
475
463
902
419
223
984
87
709
774
411
933
700
490
769
223
664
304
406
689
95
445
512
327
91
375
4
275
199
984
447
710
418
647
393
585
521
976
603
403
600
95
338
895
148
260
789
791
240
249
19
131
101
149
491
934
3
557
171
248
614
635
58
405
130
33
928
913
693
98
789
209
657
16
961
281
782
893
536
616
327
811
520
468
527
71
984
687
808
658
770
936
845
768
44
306
608
974
642
970
691
919
343
500
890
709
362
453
915
56
818
676
590
198
895
944
241
7
805
346
828
718
296
264
517
108
428
953
229
538
333
360
494
701
890
998
733
873
441
98
487
536
866
676
119
737
157
531
335
678
792
397
10
495
63
680
477
307
454
13
795
518
24
417
709
24
483
951
246
934
729
231
56
848
139
243
230
286
938
720
328
929
209
846
324
77
13
363
401
742
993
275
534
430
161
194
167
596
596
531
311
240
582
987
808
432
717
132
660
23
701
931
363
332
544
231
167
73
912
409
187
116
738
656
898
517
20
274
122
851
930
835
37
861
177
230
958
851
309
618
578
652
929
109
408
180
510
409
958
22
553
47
360
254
410
998
766
147
895
565
255
148
214
685
957
401
718
948
742
196
447
905
771
404
534
920
57
95
47
567
348
581
152
424
871
308
752
866
639
810
912
697
672
968
794
428
632
779
835
454
423
679
886
925
257
634
451
162
726
223
717
13
5
341
949
417
693
356
336
551
446
727
419
626
105
720
850
335
645
646
181
984
686
442
412
529
873
23
40
549
61
832
109
181
225
409
814
425
824
398
555
667
938
837
187
35
907
337
582
805
405
376
836
302
843
746
230
294
285
174
885
929
328
121
37
233
331
224
436
774
891
762
230
956
894
611
413
528
862
877
615
559
743
665
304
696
233
183
772
924
984
616
200
870
421
9
538
451
269
745
332
715
942
700
603
86
315
838
123
839
174
523
601
445
122
740
914
378
614
864
896
449
484
407
816
66
658
539
477
247
209
260
645
222
54
787
947
444
229
237
362
824
73
982
16
233
24
947
820
285
977
233
683
820
726
325
596
534
183
485
142
952
748
579
739
995
122
926
156
948
90
849
405
863
415
90
559
223
356
362
202
481
333
51
243
717
75
874
826
820
962
343
846
430
108
838
408
861
472
146
948
839
373
444
948
64
880
601
758
434
55
182
462
154
917
808
506
943
718
686
16
194
191
130
928
462
134
499
868
369
855
794
670
82
782
912
117
57
177
1
565
615
476
331
431
15
592
119
229
626
874
316
298
846
486
393
752
160
698
548
959
393
446
750
891
768
445
872
855
999
832
895
154
838
606
856
163
701
845
321
395
419
583
841
436
299
491
204
306
158
98
495
750
734
641
416
405
313
314
66
739
973
4
620
525
499
54
334
935
579
190
480
611
901
707
69
15
195
75
357
603
613
252
777
132
718
267
916
431
59
567
560
764
783
72
631
706
921
852
861
254
332
759
985
709
376
338
727
444
102
329
972
481
214
508
755
820
196
971
704
16
668
206
347
756
761
442
913
149
551
859
462
49
177
918
950
548
870
591
74
159
716
572
97
6
167
836
116
358
141
432
158
29
136
657
146
160
565
345
972
127
161
159
285
670
48
454
16
607
938
206
285
820
456
149
899
862
807
236
470
310
653
544
176
562
974
776
597
650
975
237
443
741
448
261
404
501
9
176
544
197
59
747
68
513
264
626
676
768
395
125
753
469
759
36
587
539
627
38
668
923
299
597
482
921
633
300
217
143
647
123
826
446
834
206
52
548
809
198
848
658
715
950
228
652
209
454
143
502
58
546
254
504
367
733
973
814
865
432
48
627
677
756
75
315
194
595
392
460
88
880
361
98
277
385
478
700
277
374
520
422
159
628
368
539
934
375
724
398
216
842
946
406
334
363
431
185
989
157
368
11
217
519
85
276
115
324
816
80
764
994
920
293
944
436
956
201
85
877
69
672
481
140
884
959
982
455
757
861
601
556
983
584
839
181
614
604
388
689
479
883
196
741
670
334
756
548
484
887
624
821
864
265
184
559
162
990
509
369
244
379
931
481
971
590
927
159
470
922
182
226
826
226
222
64
221
391
661
166
944
622
483
14
693
25
170
357
401
830
727
866
405
993
808
449
384
267
572
172
899
893
905
906
545
651
417
435
352
134
449
719
654
453
319
683
664
30
214
818
552
831
374
736
479
988
585
999
2
271
194
763
272
7
93
327
47
123
681
554
961
657
636
657
257
453
513
887
12
779
610
653
888
773
913
388
232
669
341
97
131
490
936
899
82
774
404
908
866
436
841
748
678
879
262
659
719
720
371
106
291
799
383
593
607
261
531
859
350
769
678
131
799
633
867
775
152
736
624
496
66
204
46
763
853
147
293
629
733
975
125
844
386
43
278
598
633
123
741
14
251
646
726
317
163
238
184
410
824
255
663
963
32
71
970
177
964
628
820
693
316
568
531
234
106
883
568
52
815
611
981
136
872
281
937
96
901
862
401
643
774
519
154
406
674
702
416
586
212
719
260
203
611
870
72
30
782
723
51
362
127
607
413
339
278
482
491
531
20
293
965
147
193
342
856
144
429
590
507
616
923
838
753
537
485
682
951
812
74
189
845
564
66
16
526
958
858
281
890
115
847
939
844
811
603
562
457
725
658
51
694
117
351
31
365
697
930
24
903
388
564
530
602
316
457
563
930
958
327
534
162
160
241
238
533
555
849
443
364
919
847
225
351
563
271
367
685
113
665
543
583
987
960
223
891
902
648
605
366
724
124
726
860
208
577
648
450
123
304
473
910
524
9
680
980
53
585
340
432
235
531
515
773
66
895
570
811
830
114
322
495
668
611
162
264
622
564
456
539
283
659
366
358
959
278
208
206
311
519
472
45
341
895
37
579
904
727
894
983
435
451
716
704
828
280
175
177
994
30
771
269
426
338
62
291
273
716
825
178
87
426
105
689
733
651
30
232
408
939
949
954
474
585
616
108
864
945
122
326
540
729
530
234
172
486
121
618
934
508
173
572
355
183
211
855
341
815
443
889
507
540
511
796
134
564
478
942
864
944
385
765
98
343
92
753
565
372
933
974
42
366
917
188
715
391
384
761
914
130
450
431
159
861
179
307
220
961
580
970
341
542
772
672
933
275
42
71
871
193
713
720
916
727
752
750
591
177
642
547
433
463
647
865
344
962
180
608
368
276
226
681
30
129
115
352
136
57
392
754
984
869
298
739
103
950
192
111
434
392
33
877
300
206
57
523
466
825
564
947
37
730
145
86
894
18
869
231
821
941
176
299
24
246
551
41
973
923
578
844
516
14
824
743
140
278
329
60
557
358
209
895
109
674
891
122
918
648
121
864
929
310
255
524
330
294
762
160
724
657
879
850
737
145
911
263
406
719
136
858
672
195
814
151
893
381
244
654
119
585
374
929
225
267
113
572
675
907
244
755
977
88
86
953
423
210
214
74
179
299
175
24
893
292
506
135
525
650
8
667
528
716
162
828
299
42
862
314
648
509
134
813
178
875
613
506
122
961
876
544
357
108
169
988
724
933
36
194
363
804
610
876
609
258
242
891
765
190
836
141
270
643
197
43
997
8
105
581
608
476
469
363
72
165
465
508
297
926
779
2
589
691
706
319
51
747
996
171
664
991
598
573
783
979
22
78
733
595
427
979
482
357
787
148
273
811
637
65
767
406
937
153
614
886
576
755
362
251
831
246
662
851
931
656
655
516
21
677
106
673
869
827
167
330
49
38
338
915
483
466
515
28
537
573
671
289
123
77
84
155
380
418
846
98
446
757
180
969
632
728
660
403
951
175
912
446
698
300
71
270
825
241
747
776
627
306
418
520
875
293
373
177
700
917
735
587
178
371
476
190
520
637
171
272
413
995
794
682
9
924
699
790
311
247
292
759
686
725
938
130
388
743
621
754
73
697
666
300
987
715
285
543
375
341
31
91
222
390
111
741
271
428
275
121
415
866
8
209
813
728
743
391
839
889
37
451
7
834
205
539
959
935
576
728
906
298
463
595
768
186
386
850
408
451
475
228
834
804
573
883
734
535
365
902
835
121
858
158
432
534
542
537
405
300
343
764
455
294
514
247
870
330
769
558
162
958
3
4
290
493
694
667
801
896
362
589
803
347
348
489
707
922
692
447
659
203
602
397
984
37
653
431
168
899
437
545
304
442
585
466
732
889
303
367
390
680
919
899
597
209
193
381
14
855
695
748
882
761
199
497
482
362
179
858
928
893
186
410
827
318
175
358
134
74
355
715
301
886
45
605
297
867
503
901
960
509
218
47
61
422
399
659
164
429
13
367
643
39
242
682
954
526
151
546
491
53
428
172
361
237
172
7
207
810
18
837
778
188
147
672
802
153
898
205
65
323
99
317
230
384
55
412
528
732
114
822
426
358
930
318
220
776
959
726
855
652
896
305
525
519
800
279
545
248
413
779
51
254
410
594
229
105
98
376
418
129
292
305
989
46
493
263
155
280
892
714
397
728
928
741
882
658
916
647
547
925
486
752
209
154
741
610
408
502
871
277
719
828
138
835
453
99
770
639
466
842
879
443
810
902
324
912
558
880
461
283
696
728
687
21
254
484
916
701
157
1
99
739
951
276
129
383
715
822
643
604
879
687
453
711
700
562
121
307
883
593
824
15
900
129
9
203
923
30
179
128
494
549
131
119
660
833
568
638
696
847
618
42
146
361
573
842
695
420
381
737
17
321
21
997
896
718
868
847
182
899
601
277
261
625
740
88
214
394
382
619
347
731
425
159
841
535
822
486
50
714
191
746
739
318
490
912
844
817
111
423
616
129
880
59
123
228
528
651
807
174
724
468
438
954
19
690
168
608
211
615
43
606
862
596
859
563
299
961
929
69
602
524
641
275
337
510
772
482
118
135
862
112
571
852
769
725
981
493
950
501
371
728
178
785
532
477
809
960
336
279
161
42
38
873
494
426
116
591
326
639
359
789
620
275
327
164
162
773
518
550
242
660
363
650
186
463
164
501
45
937
517
115
976
29
534
315
40
389
192
389
725
74
926
394
753
853
617
721
264
556
60
170
515
859
870
927
618
578
342
709
448
648
580
253
235
452
635
220
766
99
956
115
936
684
519
248
156
564
896
566
350
255
861
184
472
595
201
835
656
992
280
666
928
969
494
596
22
53
508
284
787
215
436
705
551
698
62
779
147
647
441
265
517
576
604
751
640
290
888
772
302
94
215
660
816
105
445
375
249
900
147
926
40
123
674
620
786
465
104
140
72
468
553
311
86
150
394
356
769
689
94
62
187
594
607
706
870
384
250
743
49
590
370
295
688
731
541
446
685
859
19
805
900
119
361
922
407
735
162
205
835
865
998
552
764
133
545
343
872
260
750
783
783
640
220
657
323
476
735
294
511
883
207
179
426
214
218
841
252
411
62
431
839
417
612
817
512
73
940
234
229
310
607
498
38
94
765
211
154
315
977
800
956
60
693
986
470
694
300
734
619
385
876
293
808
665
968
555
735
299
729
371
371
637
315
18
823
522
100
876
23
534
214
726
141
41
726
480
77
227
210
394
731
588
10
772
192
658
128
590
963
626
874
665
158
672
385
197
174
616
340
498
789
143
415
557
801
399
180
836
715
2
176
338
435
878
492
379
266
365
371
471
950
992
363
758
272
966
959
615
751
396
430
247
746
75
378
706
509
837
755
357
81
135
850
9
406
834
382
345
133
886
808
471
275
459
205
413
220
598
4
979
239
207
738
618
205
789
124
707
651
380
974
269
893
866
311
773
939
966
957
227
718
43
773
788
141
614
639
920
932
171
905
718
948
715
657
234
304
472
698
822
448
376
589
523
697
962
659
724
160
502
524
511
971
980
426
948
577
571
328
93
769
15
82
785
616
917
6
638
607
433
973
238
538
703
772
798
62
715
823
478
413
400
15
603
71
772
948
398
41
168
956
70
312
179
373
62
599
331
227
501
302
506
47
65
791
359
724
94
582
339
557
579
74
740
983
237
216
415
950
511
606
166
237
116
766
246
443
153
87
201
588
819
203
649
37
139
497
271
668
139
479
575
636
493
740
331
611
669
32
432
466
386
380
652
907
421
965
318
582
789
687
695
583
313
947
351
91
622
173
887
655
582
995
489
464
812
833
103
502
885
571
468
152
248
492
242
330
99
966
622
305
822
636
508
331
27
1
217
381
199
559
783
159
604
802
672
667
456
403
511
491
390
909
897
895
844
894
671
689
988
53
712
752
436
993
658
373
733
649
383
902
683
823
62
278
104
994
240
101
865
320
739
429
820
148
16
802
648
169
203
599
255
729
867
689
133
445
290
78
726
808
109
878
807
157
944
338
308
889
833
438
207
284
293
799
331
811
445
8
60
116
226
895
586
731
890
106
542
501
873
839
26
416
180
753
836
177
983
687
370
635
417
386
375
815
3
707
806
453
335
70
2
568
650
441
597
613
510
16
421
497
799
276
978
35
304
598
354
923
454
701
366
200
684
469
385
865
625
882
854
47
354
373
922
977
317
923
28
358
977
660
248
594
989
829
854
53
317
711
871
466
356
778
696
577
649
42
180
605
45
682
208
994
900
725
596
824
186
453
142
973
75
904
629
775
887
969
650
486
378
612
426
293
214
344
889
189
852
281
29
832
464
886
525
721
298
561
521
812
546
167
727
93
302
838
92
453
661
190
484
370
572
448
378
123
279
847
197
678
361
787
121
170
415
100
388
80
790
539
921
469
609
627
899
371
889
776
893
263
405
405
404
371
110
789
613
97
526
762
195
716
964
791
776
666
156
754
706
144
953
343
146
950
115
22
699
291
788
659
214
463
538
162
978
975
922
833
344
381
655
589
586
796
180
744
436
793
267
505
312
416
882
682
268
36
324
362
688
560
679
851
555
941
404
27
304
697
671
201
106
568
692
851
996
438
846
124
468
449
456
233
162
223
199
289
485
529
425
684
757
112
364
544
550
606
473
594
401
75
742
537
959
674
786
299
977
987
931
233
364
157
952
443
143
913
51
724
921
58
131
250
720
701
971
950
553
194
537
880
615
472
444
915
492
739
213
505
806
813
726
198
742
464
513
67
658
465
910
969
227
677
679
147
516
712
755
313
43
665
915
331
816
78
11
232
414
233
173
871
885
111
444
771
345
544
621
660
444
478
774
835
374
666
233
288
809
351
94
94
225
405
54
211
801
704
601
6
161
844
790
420
341
500
827
133
639
396
283
203
357
778
364
954
62
730
478
208
589
650
490
784
628
422
719
816
489
991
702
784
295
691
317
603
624
824
943
682
18
40
627
700
981
417
926
586
912
596
828
870
970
69
771
300
710
354
807
264
326
601
921
340
701
715
927
292
312
155
180
50
796
925
912
584
24
670
236
214
277
819
23
662
990
685
692
381
49
660
335
298
882
624
194
68
392
882
720
387
706
186
55
885
20
524
320
110
119
239
987
148
828
378
122
992
616
410
331
391
149
427
449
86
54
971
179
989
702
784
923
215
435
237
808
68
55
935
755
157
821
850
604
919
564
278
915
902
335
573
691
921
41
964
615
420
860
782
63
552
95
638
685
122
248
852
806
300
592
81
251
433
19
53
831
89
209
346
714
851
162
933
500
188
479
206
230
320
648
421
153
824
354
685
880
684
823
803
339
309
851
709
163
268
515
24
542
240
610
39
158
128
436
74
811
228
144
314
11
827
887
275
884
306
591
792
911
901
961
882
824
647
573
393
174
616
46
565
335
581
943
833
407
441
22
598
404
109
241
73
1
812
374
359
618
116
244
851
102
597
791
911
201
692
427
131
687
459
868
900
730
147
106
635
550
930
907
941
380
719
697
494
572
566
228
710
238
801
272
178
901
20
763
934
335
648
203
344
837
803
965
283
776
395
121
572
800
157
809
760
170
575
371
611
615
208
495
193
752
533
962
314
886
845
453
620
217
140
419
681
280
879
245
988
244
10
339
999
895
707
763
937
325
416
841
87
751
681
945
95
697
108
125
826
157
174
565
265
964
620
318
15
395
941
539
316
231
499
31
695
497
993
138
179
725
807
12
603
922
154
275
730
930
347
697
107
338
128
722
187
17
170
667
443
91
72
408
393
958
798
198
664
195
852
419
618
172
739
313
274
201
19
105
437
239
695
539
371
779
658
481
531
940
687
160
289
198
376
335
371
175
665
962
135
99
348
223
611
994
626
300
233
977
493
179
380
331
626
239
262
757
938
914
668
226
503
612
500
873
383
125
225
951
684
174
562
50
763
87
141
246
707
253
240
572
622
768
945
642
436
505
646
870
368
826
393
689
169
765
650
199
50
113
756
684
863
405
825
8
214
876
615
306
251
576
82
628
872
269
948
330
244
775
14
445
573
942
124
470
261
491
736
978
956
556
590
299
37
754
227
661
634
981
864
675
543
399
367
915
538
2
27
281
197
411
682
332
400
114
107
636
782
976
780
347
111
639
978
838
863
646
697
25
787
515
747
385
302
778
932
927
936
211
644
503
69
97
193
504
525
320
810
377
762
942
832
159
340
667
996
677
428
629
391
633
459
318
547
786
466
692
838
284
611
868
89
133
651
644
114
264
647
659
132
209
252
830
763
196
702
476
546
911
637
176
885
749
263
352
168
359
800
246
969
528
731
68
475
27
570
390
235
236
891
960
786
772
729
607
472
763
677
24
154
363
626
686
786
963
36
508
145
706
695
69
836
728
88
632
340
373
270
196
772
370
606
576
723
634
296
565
81
695
771
391
568
181
953
84
123
787
837
202
832
954
766
117
774
879
701
305
448
79
220
247
969
941
967
980
909
883
480
323
138
745
714
987
567
834
203
816
147
457
356
568
416
959
452
669
944
900
413
758
988
979
519
254
492
950
574
777
541
538
35
23
416
797
662
745
751
722
982
858
540
736
504
476
701
698
219
531
330
236
692
985
572
235
289
55
632
722
49
293
837
737
936
130
713
57
396
323
347
566
727
307
6
113
219
911
720
674
757
833
343
452
231
109
441
929
274
209
305
907
442
378
443
947
189
439
652
855
321
903
403
14
295
788
872
400
661
791
729
316
980
429
420
46
349
773
855
473
646
404
253
81
429
610
228
759
219
267
680
649
267
994
798
36
170
448
494
534
617
752
412
177
30
99
218
834
988
149
106
399
201
49
44
142
509
691
287
688
479
456
671
219
891
29
232
929
62
363
451
978
301
560
276
934
70
348
226
962
518
533
704
567
761
681
67
916
405
448
339
776
646
173
722
72
674
965
30
718
702
729
746
722
548
